[{"id": 0, "img_name": "frame_00041.jpg", "width": 1512, "height": 2943, "position": [3.056944132481543, 0.7696146888612798, -4.6129708906191444], "rotation": [[0.9985844028482727, 0.04622126511678198, 0.02632081000203341], [-0.04465714008907303, 0.9973636174806154, -0.057197503136464774], [-0.02889515923513651, 0.05594112241442019, 0.9980158618958874]], "fy": 3096.4076963632865, "fx": 3096.4076963632865}, {"id": 1, "img_name": "frame_00045.jpg", "width": 1512, "height": 2943, "position": [1.0989835202582123, 0.3887974493572652, -2.1450892795703482], "rotation": [[0.9778399283091842, 0.053186494176974734, 0.20248523758894557], [-0.04337147926370383, 0.9976729441134954, -0.05260809225193507], [-0.20481208311710325, 0.042660208872820064, 0.9778712170772591]], "fy": 3096.4076963632865, "fx": 3096.4076963632865}, {"id": 2, "img_name": "frame_00053.jpg", "width": 1512, "height": 2943, "position": [-1.8984436517544503, -0.4918831961711798, 3.0227171540597655], "rotation": [[0.8226787539480038, 0.04678354969458586, 0.566578297572837], [-0.030863158308235772, 0.9988138745179151, -0.03766045047196371], [-0.5676681541726651, 0.013496056775394434, 0.8231468418148215]], "fy": 3096.4076963632865, "fx": 3096.4076963632865}, {"id": 3, "img_name": "frame_00054.jpg", "width": 1512, "height": 2943, "position": [-2.2574840009853037, -0.666528942047365, 3.7353430161297294], "rotation": [[0.7879195722859655, 0.043188773056678495, 0.614261733701978], [-0.029501564867700596, 0.999039469150393, -0.03240056712556282], [-0.6150710570975177, 0.007407358608841047, 0.7884368876196637]], "fy": 3096.4076963632865, "fx": 3096.4076963632865}]